      0.0016
      0.0024
      0.0018
      0.0022
      0.0016
       0.002
      0.0016
      0.0016
      0.0014
      0.0018
       0.002
      0.0014
      0.0016
      0.0016
      0.0016
      0.0016
      0.0014
      0.0018
      0.0018
      0.0018
      0.0014
       0.002
       0.002
       0.002
       0.002
      0.0018
      0.0024
       0.002
      0.0022
      0.0026
      0.0018
      0.0016
      0.0012
      0.0016
       0.002
      0.0022
      0.0022
      0.0018
      0.0016
      0.0018
      0.0018
      0.0018
      0.0026
       0.002
      0.0026
       0.002
       0.002
       0.002
      0.0018
      0.0014
       0.002
      0.0014
      0.0024
      0.0024
      0.0016
      0.0018
      0.0014
      0.0022
      0.0016
      0.0028
      0.0024
      0.0016
      0.0014
      0.0018
       0.002
      0.0022
      0.0016
      0.0018
      0.0026
      0.0022
       0.002
      0.0024
      0.0018
       0.002
      0.0014
      0.0024
       0.002
      0.0024
       0.002
      0.0026
      0.0018
      0.0022
      0.0022
      0.0026
       0.002
      0.0016
       0.002
      0.0022
       0.002
      0.0014
      0.0024
      0.0022
      0.0014
       0.002
       0.002
       0.002
      0.0012
      0.0028
      0.0018
      0.0018
       0.002
      0.0016
      0.0022
      0.0012
       0.002
      0.0016
      0.0018
      0.0014
       0.002
       0.002
       0.002
      0.0024
       0.002
       0.002
      0.0018
      0.0028
      0.0014
      0.0022
      0.0014
      0.0016
      0.0018
      0.0026
      0.0026
       0.002
      0.0016
      0.0026
      0.0022
       0.002
      0.0022
      0.0022
      0.0026
       0.002
      0.0016
      0.0012
      0.0016
       0.002
      0.0016
      0.0016
      0.0018
       0.002
      0.0016
      0.0012
       0.002
      0.0022
       0.002
      0.0022
      0.0016
       0.002
      0.0024
      0.0022
      0.0012
      0.0018
      0.0016
      0.0022
      0.0018
      0.0034
      0.0018
       0.002
      0.0024
      0.0016
      0.0026
      0.0018
      0.0024
       0.002
      0.0022
      0.0018
       0.002
      0.0016
      0.0018
      0.0022
      0.0026
       0.002
      0.0024
      0.0014
       0.002
       0.002
      0.0022
      0.0022
       0.002
      0.0032
      0.0014
      0.0018
       0.002
      0.0014
      0.0012
      0.0022
      0.0018
      0.0022
      0.0024
      0.0026
      0.0018
      0.0016
      0.0018
      0.0022
      0.0028
      0.0018
      0.0022
      0.0024
      0.0016
       0.002
      0.0022
      0.0024
      0.0022
      0.0022
      0.0022
      0.0022
      0.0026
      0.0014
       0.002
      0.0018
       0.002
      0.0016
      0.0012
      0.0026
      0.0018
      0.0018
      0.0022
      0.0016
      0.0018
      0.0016
      0.0018
      0.0014
      0.0014
      0.0022
       0.002
      0.0016
       0.002
      0.0018
      0.0014
      0.0024
      0.0024
       0.002
       0.002
      0.0014
      0.0014
      0.0024
       0.002
      0.0018
      0.0016
      0.0022
       0.002
      0.0018
      0.0016
      0.0014
      0.0012
      0.0018
      0.0014
       0.002
       0.002
      0.0022
      0.0018
      0.0026
      0.0012
      0.0022
      0.0018
      0.0022
       0.002
      0.0018
      0.0018
      0.0014
      0.0026
      0.0014
       0.002
      0.0022
      0.0016
       0.002
      0.0024
      0.0022
       0.002
      0.0022
      0.0024
      0.0022
       0.002
       0.002
      0.0026
      0.0022
      0.0022
      0.0024
       0.002
      0.0016
      0.0028
      0.0022
      0.0016
      0.0024
      0.0022
       0.002
      0.0018
      0.0016
      0.0024
       0.002
      0.0024
      0.0016
      0.0018
      0.0018
      0.0018
      0.0014
      0.0016
      0.0026
      0.0016
      0.0018
      0.0022
      0.0022
       0.002
       0.002
      0.0022
      0.0016
       0.002
       0.002
       0.002
      0.0016
       0.002
       0.001
      0.0018
      0.0018
      0.0016
       0.002
       0.002
      0.0022
      0.0016
       0.002
      0.0018
       0.002
      0.0024
       0.002
      0.0018
      0.0016
      0.0022
      0.0018
       0.002
      0.0018
      0.0022
      0.0022
      0.0012
      0.0014
      0.0016
      0.0018
      0.0012
      0.0018
      0.0018
      0.0016
      0.0014
      0.0022
      0.0018
      0.0012
      0.0016
      0.0018
      0.0022
       0.002
      0.0024
      0.0014
      0.0016
      0.0026
      0.0016
       0.002
      0.0016
      0.0016
       0.002
      0.0026
      0.0018
      0.0012
      0.0016
      0.0016
       0.002
       0.002
       0.002
      0.0018
      0.0024
      0.0018
      0.0022
       0.002
      0.0022
       0.003
       0.002
      0.0014
      0.0022
       0.002
      0.0018
      0.0012
      0.0026
      0.0016
      0.0024
      0.0024
      0.0014
      0.0016
      0.0018
      0.0014
      0.0022
       0.002
       0.002
       0.001
      0.0018
      0.0022
      0.0012
      0.0016
      0.0018
      0.0024
      0.0014
      0.0018
      0.0024
      0.0014
      0.0018
      0.0022
      0.0018
      0.0022
       0.002
      0.0014
       0.002
      0.0018
       0.002
      0.0022
      0.0016
      0.0026
       0.002
      0.0014
       0.002
      0.0022
      0.0016
      0.0018
       0.002
      0.0018
       0.002
       0.002
       0.002
      0.0016
      0.0026
       0.002
      0.0014
       0.002
      0.0026
      0.0014
      0.0014
      0.0018
      0.0024
      0.0014
      0.0024
      0.0022
      0.0022
      0.0016
      0.0018
      0.0016
       0.003
      0.0014
       0.002
      0.0018
      0.0018
      0.0022
      0.0026
      0.0014
       0.002
       0.002
       0.002
      0.0022
      0.0012
      0.0018
      0.0022
      0.0022
      0.0026
      0.0014
      0.0022
      0.0022
       0.002
      0.0024
       0.002
      0.0022
      0.0018
      0.0016
      0.0016
      0.0016
      0.0016
      0.0018
      0.0026
      0.0022
      0.0014
      0.0018
      0.0024
      0.0018
       0.002
      0.0026
      0.0018
      0.0012
      0.0018
      0.0016
      0.0018
      0.0022
      0.0016
      0.0026
       0.002
      0.0016
       0.002
      0.0024
      0.0022
      0.0024
       0.002
      0.0018
      0.0022
      0.0016
      0.0026
      0.0018
      0.0022
      0.0014
       0.002
       0.002
      0.0022
      0.0024
      0.0016
       0.002
      0.0016
      0.0022
      0.0016
      0.0028
      0.0022
       0.002
      0.0014
      0.0024
      0.0022
      0.0018
      0.0028
      0.0026
      0.0022
      0.0022
      0.0022
      0.0014
      0.0026
      0.0014
       0.001
      0.0024
       0.002
      0.0026
      0.0016
      0.0016
      0.0018
      0.0018
      0.0012
      0.0016
       0.002
      0.0022
       0.002
      0.0022
      0.0024
      0.0024
      0.0016
      0.0016
       0.002
      0.0022
      0.0016
       0.002
      0.0026
       0.002
      0.0014
      0.0016
       0.002
      0.0018
      0.0024
      0.0018
      0.0022
      0.0012
      0.0026
      0.0014
      0.0018
       0.001
       0.002
      0.0024
      0.0024
      0.0022
      0.0026
       0.002
      0.0022
       0.002
      0.0012
      0.0016
       0.002
      0.0012
      0.0016
       0.002
0.0008000002
       0.002
       0.002
      0.0024
      0.0024
      0.0022
      0.0022
      0.0022
      0.0024
      0.0026
       0.002
      0.0016
      0.0024
      0.0014
      0.0022
      0.0022
      0.0018
      0.0022
      0.0014
       0.002
      0.0014
      0.0016
      0.0014
      0.0018
       0.001
       0.002
      0.0014
       0.002
      0.0026
       0.002
      0.0024
      0.0016
      0.0024
      0.0022
       0.002
      0.0024
      0.0024
      0.0014
      0.0016
      0.0016
      0.0018
      0.0018
      0.0018
      0.0022
       0.002
      0.0012
      0.0018
      0.0016
      0.0018
      0.0016
       0.002
      0.0018
      0.0022
      0.0024
       0.002
       0.002
       0.002
       0.002
      0.0018
      0.0014
      0.0024
      0.0024
      0.0018
      0.0018
      0.0018
      0.0018
       0.002
       0.002
      0.0018
      0.0012
       0.002
      0.0018
      0.0014
      0.0024
      0.0024
      0.0014
      0.0018
      0.0022
      0.0016
      0.0024
       0.002
      0.0026
       0.002
      0.0022
       0.002
      0.0018
       0.002
      0.0024
      0.0014
      0.0018
      0.0026
       0.002
      0.0018
      0.0016
       0.002
      0.0014
      0.0018
       0.002
      0.0018
      0.0016
      0.0014
      0.0018
      0.0016
      0.0018
      0.0026
      0.0014
      0.0028
      0.0022
       0.002
      0.0016
      0.0018
      0.0022
      0.0014
      0.0024
      0.0022
       0.002
       0.002
      0.0022
      0.0022
       0.002
      0.0018
       0.002
      0.0016
      0.0018
      0.0022
      0.0022
       0.002
      0.0024
       0.002
      0.0012
      0.0018
      0.0022
      0.0026
       0.002
      0.0018
      0.0018
      0.0014
      0.0026
      0.0024
       0.002
       0.002
      0.0022
      0.0022
       0.001
      0.0016
      0.0018
      0.0018
      0.0018
      0.0012
      0.0018
      0.0016
      0.0022
      0.0012
      0.0022
      0.0014
      0.0016
      0.0026
      0.0024
       0.002
      0.0016
      0.0024
      0.0022
       0.002
      0.0026
      0.0024
      0.0018
      0.0026
      0.0016
       0.002
      0.0022
       0.002
       0.003
      0.0018
      0.0018
       0.002
      0.0018
       0.002
       0.002
      0.0028
      0.0022
      0.0014
      0.0024
       0.002
      0.0016
      0.0018
      0.0016
      0.0018
       0.002
      0.0028
      0.0016
       0.002
      0.0022
      0.0016
       0.002
      0.0014
      0.0022
      0.0024
      0.0022
      0.0026
       0.002
       0.002
      0.0022
      0.0018
      0.0026
      0.0012
      0.0022
      0.0018
      0.0018
      0.0022
      0.0022
      0.0018
      0.0024
       0.002
      0.0018
      0.0014
      0.0024
      0.0022
      0.0014
      0.0026
      0.0016
      0.0016
      0.0028
      0.0022
      0.0024
      0.0014
      0.0022
       0.002
      0.0022
       0.002
      0.0018
      0.0022
      0.0018
      0.0018
      0.0018
      0.0014
      0.0024
       0.002
      0.0022
      0.0028
      0.0024
      0.0018
      0.0022
      0.0024
       0.002
      0.0024
       0.002
      0.0022
      0.0016
      0.0024
      0.0024
      0.0018
      0.0016
      0.0024
       0.002
      0.0016
      0.0024
      0.0018
      0.0016
      0.0014
      0.0028
      0.0024
      0.0022
       0.002
      0.0024
      0.0024
      0.0022
      0.0016
      0.0024
      0.0016
      0.0028
      0.0018
      0.0018
      0.0022
      0.0022
      0.0018
      0.0018
      0.0026
       0.002
      0.0018
       0.002
      0.0018
      0.0024
      0.0018
      0.0018
       0.002
      0.0018
       0.002
      0.0022
      0.0026
      0.0026
       0.002
       0.002
       0.002
      0.0022
      0.0012
      0.0024
      0.0024
      0.0012
      0.0014
      0.0012
      0.0022
       0.002
      0.0022
      0.0018
       0.002
      0.0026
      0.0032
      0.0026
      0.0018
      0.0022
      0.0026
       0.002
      0.0026
      0.0022
      0.0022
      0.0022
       0.002
      0.0022
       0.002
      0.0026
      0.0018
      0.0016
       0.002
      0.0024
      0.0018
       0.002
      0.0018
      0.0022
       0.002
      0.0024
      0.0018
      0.0018
      0.0024
       0.002
      0.0022
      0.0018
      0.0024
      0.0018
      0.0016
      0.0018
      0.0022
      0.0018
       0.002
      0.0018
      0.0024
      0.0016
      0.0018
      0.0022
      0.0012
       0.002
      0.0014
       0.003
      0.0024
      0.0024
      0.0016
       0.002
      0.0016
       0.002
      0.0016
      0.0024
      0.0024
      0.0016
      0.0016
      0.0018
      0.0018
      0.0018
      0.0028
      0.0026
      0.0016
      0.0016
      0.0022
      0.0014
      0.0018
      0.0024
      0.0018
      0.0014
      0.0022
      0.0026
      0.0016
       0.002
      0.0026
      0.0026
      0.0018
      0.0024
      0.0026
      0.0022
      0.0024
       0.003
      0.0016
      0.0024
       0.002
      0.0028
      0.0024
      0.0026
      0.0018
      0.0024
      0.0022
       0.002
      0.0018
      0.0016
      0.0018
       0.002
      0.0018
      0.0026
       0.002
      0.0014
      0.0014
      0.0026
      0.0022
      0.0012
       0.002
       0.002
       0.002
      0.0018
      0.0022
       0.002
       0.002
      0.0028
       0.002
       0.002
      0.0014
      0.0024
      0.0026
      0.0022
      0.0022
      0.0016
       0.002
       0.002
      0.0018
      0.0018
       0.002
      0.0022
      0.0022
      0.0018
       0.002
       0.002
      0.0018
      0.0022
      0.0024
       0.002
      0.0024
      0.0016
       0.002
      0.0022
0.0008000002
      0.0018
      0.0018
      0.0022
      0.0016
      0.0022
       0.002
       0.003
      0.0022
       0.002
       0.002
      0.0024
      0.0016
      0.0018
      0.0024
      0.0016
      0.0016
      0.0024
       0.002
       0.002
      0.0018
      0.0018
      0.0016
      0.0018
      0.0026
      0.0026
      0.0022
      0.0024
      0.0018
      0.0024
      0.0016
      0.0018
      0.0026
      0.0014
       0.002
      0.0024
       0.002
      0.0024
      0.0024
      0.0024
      0.0024
      0.0018
      0.0024
      0.0018
       0.002
      0.0018
       0.002
      0.0024
      0.0026
      0.0014
      0.0018
       0.002
      0.0016
      0.0018
      0.0028
      0.0022
      0.0014
      0.0024
      0.0022
      0.0022
      0.0016
      0.0022
      0.0018
      0.0026
       0.002
      0.0024
      0.0016
      0.0026
      0.0018
       0.002
      0.0018
      0.0028
      0.0022
       0.002
       0.002
      0.0022
      0.0014
      0.0016
      0.0022
      0.0022
      0.0022
      0.0022
      0.0026
      0.0018
      0.0026
       0.002
      0.0024
      0.0018
      0.0022
       0.002
      0.0022
      0.0018
      0.0022
      0.0024
      0.0014
      0.0024
       0.002
      0.0022
      0.0022
       0.002
      0.0024
       0.002
      0.0026
       0.002
       0.003
      0.0022
      0.0022
      0.0016
      0.0018
       0.002
      0.0014
      0.0018
      0.0022
       0.002
      0.0026
      0.0024
      0.0016
      0.0022
      0.0018
      0.0024
      0.0014
       0.002
       0.002
      0.0014
      0.0022
      0.0026
      0.0018
       0.002
       0.002
      0.0024
      0.0016
      0.0018
      0.0026
       0.002
      0.0018
      0.0026
      0.0018
       0.002
      0.0022
      0.0014
      0.0024
      0.0022
      0.0022
      0.0022
      0.0026
      0.0022
      0.0022
      0.0018
       0.002
      0.0024
      0.0018
      0.0018
      0.0024
      0.0026
       0.002
      0.0024
      0.0024
      0.0022
      0.0018
      0.0018
      0.0022
       0.002
       0.002
       0.002
      0.0024
      0.0014
       0.002
       0.002
      0.0022
       0.002
      0.0018
      0.0016
      0.0016
       0.002
      0.0012
      0.0016
       0.002
      0.0018
      0.0024
      0.0018
      0.0024
      0.0018
      0.0022
      0.0018
      0.0014
      0.0026
      0.0022
       0.002
      0.0018
      0.0018
      0.0024
       0.002
      0.0016
       0.002
      0.0018
      0.0012
      0.0026
      0.0018
      0.0022
       0.002
      0.0018
      0.0014
      0.0012
      0.0018
       0.002
       0.002
      0.0028
       0.002
      0.0014
       0.002
      0.0016
       0.002
      0.0022
      0.0018
      0.0018
       0.002
       0.002
       0.002
      0.0024
      0.0024
      0.0022
      0.0016
      0.0026
       0.002
      0.0018
       0.001
       0.002
      0.0022
       0.002
      0.0024
      0.0022
       0.002
      0.0014
      0.0024
      0.0018
       0.002
      0.0028
      0.0024
      0.0016
      0.0016
       0.002
      0.0022
      0.0018
      0.0032
      0.0022
      0.0018
      0.0018
      0.0026
      0.0022
      0.0022
      0.0026
      0.0022
       0.001
      0.0024
      0.0026
      0.0022
      0.0022
       0.002
       0.001
      0.0024
      0.0018
       0.001
       0.002
      0.0018
      0.0022
      0.0022
      0.0022
      0.0024
       0.002
       0.002
       0.002
      0.0014
       0.002
      0.0032
      0.0018
      0.0012
      0.0014
      0.0022
      0.0018
      0.0024
      0.0022
      0.0028
       0.002
      0.0018
      0.0018
       0.002
      0.0012
      0.0024
       0.002
      0.0018
      0.0016
      0.0024
      0.0016
      0.0022
       0.003
       0.002
      0.0016
       0.002
       0.002
      0.0018
       0.002
      0.0022
      0.0016
       0.002
      0.0018
      0.0014
       0.002
       0.003
      0.0024
      0.0024
      0.0026
      0.0016
      0.0022
       0.002
      0.0018
      0.0018
      0.0014
       0.002
      0.0022
      0.0022
      0.0018
      0.0024
      0.0016
      0.0018
      0.0026
      0.0026
       0.002
      0.0024
      0.0018
      0.0026
      0.0016
      0.0026
      0.0014
      0.0022
      0.0024
      0.0012
      0.0018
       0.002
       0.002
      0.0018
       0.002
      0.0016
      0.0018
       0.002
      0.0022
      0.0022
      0.0016
       0.002
      0.0024
       0.002
      0.0016
      0.0016
      0.0016
      0.0018
       0.002
      0.0016
      0.0018
       0.002
      0.0018
      0.0016
      0.0018
      0.0024
       0.002
      0.0018
      0.0016
      0.0022
      0.0012
      0.0024
       0.002
      0.0018
      0.0016
      0.0016
       0.002
      0.0018
      0.0016
      0.0014
      0.0012
      0.0022
      0.0022
      0.0012
      0.0024
       0.002
       0.002
      0.0016
       0.002
      0.0022
      0.0014
      0.0024
      0.0024
      0.0022
      0.0014
      0.0018
      0.0018
      0.0022
      0.0018
      0.0018
      0.0024
      0.0018
      0.0028
      0.0024
      0.0018
      0.0024
      0.0024
      0.0018
       0.002
      0.0026
      0.0014
      0.0012
      0.0022
      0.0018
      0.0016
      0.0016
      0.0026
      0.0018
      0.0018
      0.0022
      0.0012
      0.0012
      0.0032
      0.0026
       0.001
      0.0026
      0.0022
      0.0018
      0.0024
      0.0026
       0.001
       0.002
      0.0032
      0.0016
0.0008000002
      0.0028
      0.0028
0.0004000001
      0.0016
      0.0034
      0.0018
       0.001
      0.0032
      0.0024
0.0008000002
      0.0026
      0.0032
1.164153e-010
      0.0018
      0.0034
0.0008000002
0.0004000001
       0.003
      0.0028
-0.0003999999
       0.003
       0.004
       0.001
       0.001
      0.0048
0.0008000002
0.0002000001
      0.0034
      0.0024
-0.0009999999
      0.0026
       0.005
0.0004000001
-0.0003999999
      0.0048
       0.002
-0.0007999999
      0.0038
      0.0036
-0.0003999999
       0.002
      0.0044
0.0004000001
-0.0007999999
       0.005
      0.0026
     -0.0014
      0.0032
      0.0046
     -0.0012
      0.0012
       0.006
0.0006000001
     -0.0018
      0.0058
       0.004
     -0.0018
       0.003
      0.0062
     -0.0012
-0.0003999999
       0.007
0.0008000002
     -0.0026
       0.005
       0.005
     -0.0032
      0.0018
       0.007
-0.0007999999
     -0.0012
      0.0072
      0.0026
     -0.0038
      0.0048
      0.0058
     -0.0028
0.0006000001
 0.008600001
1.164153e-010
     -0.0034
      0.0072
      0.0036
     -0.0042
       0.004
 0.008200001
     -0.0026
     -0.0012
 0.009200001
      0.0014
      -0.005
      0.0068
      0.0062
      -0.006
       0.002
 0.009400001
     -0.0028
      -0.003
 0.009200001
      0.0028
     -0.0056
       0.006
      0.0078
     -0.0058
0.0002000001
      0.0106
-0.0007999999
     -0.0052
 0.009400001
      0.0042
      -0.007
       0.004
        0.01
     -0.0056
     -0.0018
      0.0108
0.0004000001
     -0.0062
      0.0078
      0.0064
     -0.0074
      0.0026
      0.0112
     -0.0042
     -0.0038
       0.011
      0.0024
      -0.008
       0.007
 0.008600001
     -0.0074
0.0006000001
      0.0124
     -0.0024
     -0.0058
      0.0118
      0.0048
      -0.009
      0.0058
      0.0104
      -0.007
     -0.0016
       0.013
-0.0001999999
     -0.0074
 0.009400001
      0.0072
     -0.0098
      0.0028
       0.012
     -0.0052
     -0.0042
      0.0126
      0.0026
     -0.0088
      0.0076
 0.009400001
     -0.0082
0.0002000001
       0.013
     -0.0034
     -0.0064
      0.0124
      0.0048
     -0.0096
       0.006
      0.0118
     -0.0076
      -0.002
      0.0132
     -0.0012
     -0.0088
      0.0108
      0.0066
     -0.0102
      0.0032
      0.0132
     -0.0056
      -0.004
      0.0132
       0.001
     -0.0094
 0.009000001
 0.009200001
      -0.009
      0.0012
      0.0134
     -0.0046
      -0.006
      0.0124
       0.004
     -0.0098
      0.0068
      0.0108
     -0.0082
-0.0009999999
      0.0144
     -0.0018
     -0.0088
      0.0112
       0.006
     -0.0102
      0.0044
      0.0136
      -0.007
     -0.0046
       0.014
      0.0012
     -0.0094
 0.009200001
 0.009000001
       -0.01
      0.0018
      0.0136
     -0.0052
      -0.006
      0.0132
      0.0038
     -0.0106
      0.0078
      0.0112
     -0.0088
-0.0007999999
      0.0142
     -0.0012
     -0.0082
      0.0124
       0.006
     -0.0102
      0.0044
      0.0124
      -0.007
     -0.0032
      0.0146
-0.0001999999
     -0.0094
      0.0104
       0.008
     -0.0102
      0.0028
      0.0132
     -0.0054
     -0.0058
      0.0134
      0.0036
      -0.011
      0.0076
 0.009600001
     -0.0084
-0.0003999999
       0.014
     -0.0028
     -0.0068
      0.0122
      0.0054
       -0.01
       0.006
      0.0122
     -0.0074
     -0.0022
      0.0144
-0.0007999999
      -0.009
        0.01
      0.0078
     -0.0102
       0.003
      0.0132
      -0.006
     -0.0048
      0.0144
      0.0022
     -0.0108
 0.009000001
        0.01
      -0.009
0.0004000001
       0.014
      -0.003
     -0.0068
      0.0128
      0.0044
       -0.01
      0.0064
      0.0118
      -0.008
     -0.0022
      0.0144
-0.0005999999
      -0.009
      0.0106
      0.0074
     -0.0102
       0.003
      0.0136
     -0.0064
     -0.0052
      0.0132
      0.0026
     -0.0102
 0.009000001
        0.01
     -0.0098
0.0006000001
      0.0142
      -0.003
     -0.0072
      0.0126
      0.0048
      -0.011
      0.0068
      0.0118
     -0.0082
     -0.0016
      0.0146
-0.0009999999
     -0.0082
      0.0116
      0.0068
     -0.0108
       0.004
      0.0136
     -0.0062
     -0.0044
       0.014
      0.0014
     -0.0102
 0.009600001
 0.009600001
     -0.0094
       0.001
      0.0146
     -0.0046
     -0.0068
       0.013
      0.0046
     -0.0108
      0.0068
      0.0116
      -0.008
     -0.0014
      0.0148
     -0.0018
      -0.008
       0.012
      0.0072
     -0.0106
      0.0046
      0.0134
      -0.007
     -0.0042
      0.0146
       0.001
       -0.01
 0.009200001
 0.009400001
     -0.0104
      0.0016
      0.0144
     -0.0048
     -0.0058
      0.0138
      0.0038
      -0.011
       0.007
       0.011
      -0.009
-0.0007999999
      0.0144
     -0.0022
      -0.008
      0.0118
      0.0068
     -0.0096
       0.005
      0.0126
     -0.0066
     -0.0036
      0.0144
-0.0001999999
       -0.01
      0.0102
       0.008
     -0.0098
      0.0022
       0.013
     -0.0052
     -0.0054
      0.0136
       0.003
     -0.0098
 0.008400001
      0.0108
      -0.009
-0.0005999999
      0.0138
     -0.0034
     -0.0074
      0.0128
      0.0054
     -0.0106
      0.0058
      0.0114
      -0.007
     -0.0032
      0.0132
0.0002000001
     -0.0096
      0.0106
 0.008200001
     -0.0104
      0.0024
      0.0136
     -0.0058
     -0.0052
       0.014
      0.0026
       -0.01
 0.008400001
      0.0102
       -0.01
0.0004000001
      0.0132
     -0.0038
     -0.0074
       0.012
      0.0052
     -0.0108
      0.0064
       0.012
     -0.0082
     -0.0012
      0.0142
-0.0007999999
     -0.0088
      0.0108
       0.008
     -0.0106
       0.003
      0.0132
     -0.0062
     -0.0042
      0.0142
       0.002
     -0.0102
 0.009000001
 0.009800001
     -0.0094
      0.0012
      0.0142
     -0.0026
     -0.0062
       0.013
       0.005
     -0.0102
      0.0062
      0.0116
     -0.0088
     -0.0018
      0.0146
     -0.0018
      -0.009
      0.0114
       0.007
     -0.0102
       0.004
      0.0128
     -0.0064
     -0.0042
      0.0138
0.0008000002
     -0.0102
 0.009600001
 0.009600001
     -0.0098
0.0008000002
      0.0146
     -0.0042
     -0.0074
       0.013
      0.0038
     -0.0108
      0.0068
      0.0118
     -0.0084
-0.0009999999
       0.014
     -0.0016
     -0.0076
       0.012
      0.0066
     -0.0104
      0.0046
      0.0126
     -0.0072
     -0.0038
      0.0146
      0.0014
     -0.0094
 0.009800001
 0.008800001
     -0.0102
      0.0022
       0.014
     -0.0048
     -0.0054
       0.013
      0.0026
       -0.01
      0.0074
      0.0106
     -0.0082
     -0.0012
      0.0148
      -0.002
     -0.0078
      0.0122
      0.0066
     -0.0104
      0.0042
      0.0124
     -0.0066
      -0.003
       0.015
0.0006000001
     -0.0104
      0.0104
 0.008800001
     -0.0094
       0.002
      0.0134
     -0.0052
      -0.005
      0.0136
      0.0028
     -0.0108
       0.008
      0.0114
     -0.0094
-0.0001999999
      0.0144
     -0.0028
     -0.0082
      0.0126
      0.0058
      -0.011
       0.005
      0.0126
     -0.0082
     -0.0024
      0.0136
1.164153e-010
     -0.0088
      0.0114
 0.008800001
     -0.0102
       0.003
      0.0138
     -0.0056
     -0.0052
      0.0144
      0.0024
       -0.01
 0.009000001
        0.01
       -0.01
0.0004000001
      0.0146
     -0.0034
     -0.0074
      0.0126
       0.005
     -0.0106
      0.0064
      0.0124
     -0.0082
     -0.0028
      0.0146
     -0.0016
     -0.0086
      0.0106
      0.0072
     -0.0104
      0.0032
      0.0136
      -0.006
     -0.0044
      0.0134
      0.0018
     -0.0102
 0.008600001
      0.0104
     -0.0094
       0.001
      0.0144
     -0.0034
     -0.0066
       0.013
      0.0044
     -0.0104
       0.007
       0.011
     -0.0082
     -0.0012
      0.0134
     -0.0014
     -0.0088
      0.0112
       0.007
     -0.0104
      0.0034
       0.013
      -0.007
      -0.004
      0.0142
       0.001
     -0.0096
 0.009600001
 0.009600001
     -0.0098
      0.0012
      0.0138
      -0.004
     -0.0066
      0.0136
      0.0042
     -0.0108
      0.0066
      0.0122
     -0.0086
      -0.002
      0.0142
     -0.0016
     -0.0088
      0.0112
      0.0066
     -0.0104
       0.004
       0.013
     -0.0076
     -0.0042
      0.0142
      0.0012
       -0.01
 0.009200001
 0.009200001
     -0.0096
      0.0016
       0.014
     -0.0048
     -0.0066
       0.013
      0.0038
     -0.0102
      0.0068
      0.0112
     -0.0088
-0.0009999999
      0.0148
     -0.0028
     -0.0084
      0.0122
      0.0058
       -0.01
      0.0048
       0.013
     -0.0076
     -0.0032
      0.0144
0.0006000001
     -0.0092
        0.01
 0.008800001
       -0.01
      0.0024
      0.0138
     -0.0046
     -0.0064
       0.013
      0.0028
     -0.0106
      0.0078
      0.0108
     -0.0084
-0.0001999999
      0.0142
     -0.0036
     -0.0076
      0.0118
       0.006
     -0.0098
      0.0052
      0.0126
     -0.0072
     -0.0038
      0.0142
1.164153e-010
     -0.0092
       0.011
       0.008
       -0.01
       0.003
      0.0134
     -0.0052
     -0.0056
      0.0138
      0.0026
     -0.0096
 0.008200001
      0.0102
     -0.0088
-0.0005999999
      0.0138
      -0.003
     -0.0072
      0.0124
      0.0054
     -0.0104
       0.006
      0.0118
      -0.008
     -0.0024
      0.0148
-0.0005999999
     -0.0088
      0.0102
       0.008
      -0.011
      0.0028
      0.0138
     -0.0058
     -0.0046
      0.0136
       0.002
     -0.0104
 0.008200001
 0.009800001
     -0.0092
0.0006000001
       0.014
     -0.0034
     -0.0074
      0.0124
      0.0042
      -0.011
      0.0066
      0.0118
     -0.0082
     -0.0022
      0.0148
     -0.0016
     -0.0084
      0.0118
      0.0076
     -0.0098
       0.004
      0.0136
     -0.0068
     -0.0048
      0.0142
      0.0018
     -0.0096
 0.008800001
 0.009600001
     -0.0098
      0.0012
      0.0138
      -0.004
     -0.0068
      0.0134
      0.0042
     -0.0108
      0.0064
      0.0112
     -0.0084
     -0.0014
      0.0148
      -0.002
     -0.0088
      0.0118
      0.0068
     -0.0104
       0.004
       0.013
     -0.0066
     -0.0036
       0.014
      0.0014
     -0.0094
 0.008800001
 0.009200001
     -0.0094
      0.0014
      0.0136
     -0.0048
     -0.0064
      0.0124
      0.0044
     -0.0098
      0.0076
      0.0108
     -0.0092
-0.0009999999
      0.0142
     -0.0018
     -0.0076
      0.0112
      0.0068
     -0.0098
      0.0044
      0.0126
      -0.007
     -0.0036
      0.0136
0.0002000001
     -0.0092
 0.009400001
 0.008400001
     -0.0102
      0.0016
       0.014
     -0.0056
      -0.006
      0.0138
      0.0034
       -0.01
 0.008800001
      0.0116
     -0.0092
-0.0005999999
      0.0144
      -0.003
     -0.0078
      0.0126
      0.0054
     -0.0108
       0.005
       0.013
     -0.0078
     -0.0032
      0.0142
-0.0003999999
     -0.0092
       0.011
      0.0074
     -0.0102
      0.0026
      0.0136
     -0.0056
     -0.0054
      0.0136
       0.003
       -0.01
 0.008600001
      0.0106
     -0.0094
0.0002000001
      0.0138
     -0.0028
     -0.0076
      0.0122
      0.0058
     -0.0094
      0.0054
       0.012
     -0.0074
     -0.0024
       0.015
-0.0009999999
     -0.0088
      0.0108
 0.008600001
     -0.0108
       0.003
      0.0134
     -0.0062
     -0.0052
      0.0134
       0.002
       -0.01
 0.008400001
      0.0106
     -0.0094
0.0008000002
      0.0142
     -0.0032
     -0.0066
      0.0124
      0.0046
      -0.011
      0.0064
      0.0114
     -0.0084
     -0.0022
       0.014
-0.0005999999
     -0.0092
      0.0112
      0.0072
     -0.0102
      0.0036
      0.0126
     -0.0062
      -0.004
      0.0134
      0.0016
     -0.0094
 0.008400001
 0.009400001
     -0.0096
0.0006000001
      0.0142
     -0.0038
     -0.0066
       0.013
      0.0038
     -0.0102
      0.0056
       0.012
     -0.0078
     -0.0016
      0.0142
     -0.0016
     -0.0086
      0.0116
      0.0068
       -0.01
      0.0046
      0.0134
     -0.0062
     -0.0046
      0.0138
0.0008000002
     -0.0096
 0.009600001
 0.009600001
     -0.0096
       0.001
      0.0138
      -0.004
     -0.0062
      0.0134
      0.0046
     -0.0098
      0.0068
      0.0118
     -0.0082
-0.0007999999
      0.0148
     -0.0022
     -0.0084
      0.0114
      0.0066
     -0.0106
      0.0042
       0.013
     -0.0072
     -0.0036
      0.0138
       0.001
     -0.0096
 0.009600001
 0.008400001
     -0.0096
      0.0018
       0.014
      -0.005
     -0.0062
      0.0138
      0.0036
     -0.0102
 0.008200001
      0.0114
     -0.0088
-0.0001999999
      0.0144
     -0.0026
     -0.0086
      0.0116
      0.0056
     -0.0112
       0.005
      0.0132
      -0.007
     -0.0024
       0.014
0.0004000001
     -0.0096
      0.0108
 0.008800001
     -0.0102
      0.0022
      0.0138
     -0.0052
     -0.0056
       0.013
      0.0026
     -0.0108
 0.008200001
      0.0106
     -0.0096
-0.0007999999
       0.014
     -0.0032
      -0.008
      0.0122
      0.0056
     -0.0104
      0.0058
      0.0122
     -0.0076
     -0.0026
      0.0146
-0.0001999999
      -0.009
      0.0108
 0.008800001
     -0.0102
      0.0024
      0.0138
      -0.006
     -0.0048
      0.0132
      0.0026
     -0.0104
       0.008
      0.0112
     -0.0096
1.164153e-010
      0.0146
     -0.0032
     -0.0078
      0.0126
       0.005
     -0.0098
      0.0056
      0.0122
     -0.0074
     -0.0032
      0.0146
-0.0007999999
     -0.0084
       0.011
      0.0074
     -0.0102
      0.0042
      0.0136
     -0.0058
     -0.0044
      0.0142
      0.0012
     -0.0102
